50 policies[
    1.7819256012568055e-05,
    9.194523298821482e-06,
    1.5283584594726562e-05
]100 policies[
    1.7983371880905465e-05,
    1.0269769230244322e-05,
    1.549959182739258e-05
]500 policies[
    2.326314456385038e-05,
    1.9330919885927914e-05,
    2.1981239318847656e-05
]1000 policies[
    1.6071178294994212e-05,
    1.8356630466128355e-05,
    1.6752243041992186e-05
]10000 policies[
    2.6477388588778943e-05,
    2.867834908621652e-05,
    2.721691131591797e-05
]5000 policies[
    3.283234203563017e-05,
    2.8283894062042235e-05,
    3.1376838684082034e-05
]
10,10,2 attributes
50 policies[
    1.2025151933942523e-05,
    8.980433146158854e-06,
    1.1111736297607422e-05
]100 policies[
    1.0236593393179086e-05,
    9.711129324776786e-06,
    1.0052680969238282e-05
]500 policies[
    1.7395994281241906e-05,
    1.4623006184895834e-05,
    1.6630649566650392e-05
]1000 policies[
    1.0250640390944956e-05,
    1.4295513997942009e-05,
    1.1456012725830077e-05
]5000 policies[
    2.5772779001354498e-05,
    2.7024582640765465e-05,
    2.61383056640625e-05
]10000 policies[
    2.186864779140409e-05,
    2.928747647050498e-05,
    2.3916244506835937e-05
]
-----------
15,15,2 attributes
-----------
50 policies[
    1.611914136134907e-05,
    1.6516587865634226e-05,
    1.62200927734375e-05
]100 policies[
    1.4700592448520377e-05,
    9.576235812134538e-06,
    1.3030052185058594e-05
]500 policies[
    1.266427423762179e-05,
    1.4011797152067485e-05,
    1.3073921203613281e-05
]1000 policies[
    1.764558052104679e-05,
    1.6475791361794543e-05,
    1.7332077026367187e-05
]5000 policies[
    2.060980486446584e-05,
    2.3008864602924866e-05,
    2.138710021972656e-05
]10000 policies[
    2.9196137906519198e-05,
    2.9347977548275355e-05,
    2.9244422912597655e-05
]
-----------
30,30,2 attributes
-----------
50 policies[
    2.088709774180355e-05,
    1.0866446783078598e-05,
    1.7900943756103514e-05
]100 policies[
    2.3242238431925346e-05,
    1.5950740728163182e-05,
    2.1302700042724608e-05
]500 policies[
    2.6540089679020706e-05,
    1.675821840763092e-05,
    2.403593063354492e-05
]1000 policies[
    2.7403277648407068e-05,
    1.908808338398836e-05,
    2.4958610534667968e-05
]5000 policies[
    3.5233337785944594e-05,
    2.5376467637612785e-05,
    3.243398666381836e-05
]10000 policies[
    4.2177177406288125e-05,
    3.670646758850463e-05,
    4.034996032714844e-05
]